7957
2256
2032
8570
201
9182
6750
9329
3611
1400
100
5608
366
1959
309
2611
21543
4059
987
17382
13091
7522
6236
1684
13950
6180
9574
6611
3159
16191
2264
3988
17352
13041
3222
7399
4688
49
3372
4234
400
31571
2982
5381
7148
11700
1782
3631
2416
9792
233
4530
5904
17
184
2429
8818
3806
1458
2395
3985
582
1446
21999
1772
8925
2117
8610
7524
126
6004
3421
2584
1612
8581
12544
2016
28071
16947
15561
1824
10895
15465
12513
630
10268
5121
8788
9684
3743
29269
7470
827
3264
2590
7014
32924
13891
3370
3071
