1735
1858
1820
1785
2057
1938
1808
2413
1939
1718
1707
1746
1827
1738
2112
2301
1870
2155
1789
1732
1721
1988
1735
1878
2406
2422
1688
1985
2130
1796
1781
1929
1925
2519
1907
1740
1687
1682
2381
1939
1985
2158
2281
1740
1888
2049
1680
1786
1786
1727
1926
1729
2350
2057
1717
1774
1928
1723
2306
1760
1983
2188
1941
1847
1892
2327
1708
1689
2095
1781
1820
1949
1795
1703
1685
1763
1906
1775
2037
1710
1802
2241
1732
2249
2036
1742
1718
1695
1972
1786
1771
1895
2304
2124
1899
1722
1926
2001
1685
1786
