3014
4061
3291
3133
3884
3256
3114
4361
3052
3952
3623
3615
3513
3103
3287
2983
3198
3325
3802
3540
3074
3202
2988
3307
3055
3025
3050
3076
3972
3871
3010
4509
3006
3780
2994
3170
3550
4609
3647
3314
3106
3571
3781
3034
3003
3237
3043
3331
2986
4497
3147
3181
3275
3105
4470
3799
3711
2986
3259
3900
3176
3567
3387
2982
3661
3554
3189
3076
3058
3836
2977
3213
3256
3454
3706
2971
3052
3718
4753
3181
3176
3252
4484
3078
3369
2966
3033
3618
2992
3578
3864
3617
3160
3395
4150
3350
4007
4091
3366
4622
